2 0.08322965909054006 0.16624009206771784 0.06642892243309442 0.09004794733732888
2 0.14104215909054005 0.17333857449491702 0.07559754353213632 0.09466671487669087
2 0.34796934701389537 0.47818623229344404 0.19171274508095948 0.21449016438275414
1 0.30177494120271564 0.18919296476522823 0.051359982756487635 0.08392848901142633
1 0.21974036917644835 0.19386861831545646 0.11949084605361335 0.10277291441619293
1 0.3889473925821966 0.19368661384423236 0.1078318504068271 0.10987982012400935
1 0.47436475067736855 0.5053489778445124 0.0918129033805597 0.12266117320259333
1 0.5364774898232347 0.2242205962268465 0.05682873275648763 0.08459996707886415
1 0.6073255783578455 0.2282623111035374 0.09336323665744573 0.0855928376745176
1 0.7035421590905401 0.24240489000280085 0.08884117198083885 0.08076837276438802
1 0.7963880783578455 0.25147626714924276 0.08810086555840364 0.08145369732618261
1 0.8824893526681048 0.26515306535183614 0.0832700630369267 0.07814376969695021
1 0.9511984090905401 0.2728132539139108 0.057736135515449406 0.07229181795527495
1 0.27597367480591395 0.8225276314616183 0.16981175062159776 0.1446577915849275
1 0.44155773122834907 0.842082574361162 0.17474657310012062 0.1425469319332624
1 0.8047061844168525 0.9285876268120539 0.14405263342351377 0.13450896484325198