2 0.075 0.15703125 0.06171875 0.08203125
2 0.1328125 0.15703125 0.0703125 0.0859375
2 0.325 0.43828125 0.18203125 0.1921875
1 0.29375 0.153125 0.04765625 0.078125
1 0.2109375 0.16796875 0.1140625 0.08828125
1 0.38125 0.146875 0.10234375 0.09765625
1 0.45078125 0.45 0.0859375 0.11171875
1 0.528125 0.159375 0.05234375 0.078125
1 0.59921875 0.1546875 0.08984375 0.07421875
1 0.6953125 0.15703125 0.0859375 0.0703125
1 0.78828125 0.1546875 0.084375 0.0703125
1 0.87421875 0.1578125 0.0796875 0.06796875
1 0.94296875 0.15703125 0.05390625 0.065625
1 0.234375 0.79375 0.1640625 0.12421875
1 0.4 0.79296875 0.16796875 0.121875
1 0.7609375 0.83515625 0.13828125 0.11796875