2 0.2130893738464367 0.4394922174139363 0.10702825609080877 0.15630702051310089
2 0.2649627544758202 0.46118814528454555 0.09700241401808825 0.14576876853593462
2 0.3525628840254695 0.4631909970714315 0.13349002775932126 0.18621602570316256
2 0.44880682834994345 0.4647627673373866 0.10413844077611714 0.16592939477166357
2 0.5181378192506448 0.47072094866803693 0.05883643275655252 0.13992796887822045
2 0.5951311158268722 0.47934121497965937 0.12161643622646778 0.16508314847885047
2 0.6856757726744174 0.4720645672608369 0.08899430212716908 0.16063705830781672
1 0.7478148272702093 0.4557975801124181 0.05533189851882625 0.08524046887822045
1 0.7834018738464368 0.4627306710248892 0.05211666216777431 0.08978471813678315
1 0.8285641795219627 0.46692076391452647 0.049282157618124954 0.08811080089344295
1 0.8938887908730149 0.474282277754691 0.0865516201411964 0.0982007253040111