0 0.31848962748947973 0.3316976320416799 0.06288319051642936 0.04524486734165869
0 0.5677654303920374 0.40332028274186016 0.31966271397248336 0.11929762937617987
0 0.38092026105422727 0.9118760280474069 0.1730679669677082 0.08088801535645337
1 0.9179093403656549 0.8587735881205854 0.10233261483319893 0.19095735667965846
1 0.8821702478073833 0.8193110987825856 0.15730036782842377 0.15489313468729443
1 0.8171801648677587 0.7920031641072223 0.09976812082364858 0.11751985667965847
1 0.7238741089699763 0.7588992154280412 0.05908731252120454 0.08190452800763595
2 0.9245114489963588 0.3098548301240852 0.1453596623358699 0.293760185351681
2 0.7586210649682752 0.2556020401018135 0.213432577898633 0.28635249369429416
2 0.5860813768565075 0.2122049340785873 0.17984750698231694 0.27502864035645347
2 0.1446279976377473 0.1609931386855446 0.14575770526088577 0.12625478568586274
2 0.3534226442797027 0.19153625604708874 0.12402035911682638 0.1634866110160674
2 0.4879067716843644 0.19622485073199697 0.12177954663803074 0.24467752168204476
2 0.45618066668185736 0.8307538447246792 0.12825895317271013 0.1842306440165448
2 0.3682615152305785 0.795369780712907 0.09608633207498425 0.16862809701224962