0 0.30703125 0.328125 0.06171875 0.0453125
0 0.55390625 0.396875 0.315625 0.115625
0 0.34921875 0.9078125 0.1703125 0.0796875
1 0.88828125 0.8484375 0.09609375 0.1890625
1 0.85390625 0.809375 0.15234375 0.153125
1 0.78984375 0.7828125 0.09609375 0.1171875
1 0.69765625 0.75078125 0.05625 0.08125
2 0.9140625 0.29921875 0.1359375 0.2921875
2 0.75 0.246875 0.20390625 0.28359375
2 0.57890625 0.20546875 0.1703125 0.27265625
2 0.1390625 0.159375 0.1421875 0.12421875
2 0.346875 0.1875 0.11796875 0.16171875
2 0.48125 0.190625 0.1140625 0.24296875
2 0.42734375 0.82578125 0.121875 0.1828125
2 0.340625 0.79140625 0.08984375 0.16796875