1 0.801979784090068 0.8219606695707707 0.15807961636212653 0.17303499204918787
1 0.6717310795865611 0.8101546545270759 0.13071143275655253 0.14143682531656906
1 0.05644755128276021 0.7946783510162143 0.11289510256552042 0.12367684389007856
1 0.15636569787744353 0.7846010058724948 0.0964872258628648 0.11236844510414841
1 0.24567852175156682 0.7781033017950019 0.08227977752860856 0.09752887519785566
1 0.3239036513012161 0.7742675964638679 0.07778264342930993 0.09427884890464337
1 0.3998653740033202 0.7814148552393565 0.10445516617755661 0.10285287269057335
1 0.4726019671557749 0.7902155422280904 0.08677166563768957 0.11286554443775679
1 0.559801578506827 0.7923570522572203 0.12383562307124443 0.13148934389007838
1 0.25093743214285635 0.2944784595542762 0.07509308721391683 0.10706717966474226
2 0.6045828662882975 0.2639138035108616 0.09793910433277997 0.1350246951041485
2 0.4472011628645249 0.27395169622644105 0.10492028955795529 0.13444803358395063
2 0.3309253207918043 0.2874722901165194 0.0951750497369881 0.11622923099752577
2 0.17126042412329187 0.3209704148854102 0.11297786744186089 0.1506682470637526
0 0.5192974059246946 0.3170819191085523 0.09261245180417141 0.039734927157459854