1 0.85625 0.846875 0.14765625 0.16875
1 0.725 0.83125 0.121875 0.13828125
1 0.10234375 0.79765625 0.115625 0.1203125
1 0.20703125 0.790625 0.08984375 0.11015625
1 0.29609375 0.78671875 0.07578125 0.0953125
1 0.37421875 0.78515625 0.071875 0.0921875
1 0.45078125 0.79453125 0.09765625 0.1
1 0.52421875 0.80546875 0.0796875 0.11015625
1 0.61171875 0.81015625 0.115625 0.128125
1 0.2703125 0.30234375 0.06796875 0.10546875
2 0.62265625 0.28203125 0.08984375 0.13203125
2 0.465625 0.2875 0.09609375 0.13203125
2 0.35 0.29765625 0.08828125 0.11328125
2 0.1921875 0.3265625 0.10390625 0.1484375
0 0.540625 0.3328125 0.08984375 0.03671875