2 0.5874613428468521 0.25267715752025344 0.10045166811365717 0.11257520843549802
2 0.16897443858918845 0.7273684589660002 0.1002109004334208 0.18249750945215304
2 0.3073284631962943 0.7104581322877704 0.11949599762124449 0.1710367620244405
2 0.47027576530599013 0.7996277919724066 0.07161711569437515 0.09421924156873943
2 0.6595373184491432 0.7910570468717861 0.07640521929233976 0.10524302643727204
2 0.7336469065384845 0.785163262778951 0.10087012210451576 0.12155958343549784
0 0.7077331474377473 0.30694558766059077 0.35744760783649243 0.15703200377707632
0 0.8285206048430733 0.8173798630156714 0.24287460856036347 0.1167245504248541
0 0.20930403205521317 0.7959501493954868 0.0869766922040344 0.0652241506002758
1 0.5411875787882255 0.7956433514203225 0.06882708271265763 0.07603371435576989
1 0.5965835541811197 0.791049378571993 0.05764450692686936 0.07790140652054785
1 0.07398727026838887 0.7643362651885288 0.136548660772503 0.19507996017078924
0 0.010087056815421193 0.8343792601665518 0.020174113630842386 0.05702571178348279