2 0.60234375 0.31953125 0.09609375 0.10234375
2 0.20390625 0.75 0.0921875 0.17265625
2 0.3421875 0.7484375 0.11171875 0.1578125
2 0.51015625 0.85625 0.06796875 0.0859375
2 0.7 0.86875 0.071875 0.09765625
2 0.77421875 0.87109375 0.09609375 0.1109375
0 0.72578125 0.3875 0.35234375 0.1171875
0 0.87109375 0.9140625 0.23828125 0.08984375
0 0.24765625 0.8234375 0.084375 0.05546875
1 0.58125 0.86015625 0.065625 0.06875
1 0.63671875 0.86171875 0.05390625 0.071875
1 0.11015625 0.7765625 0.128125 0.18046875
0 0.03515625 0.83828125 0.04609375 0.05234375