2 0.1031597987937771 0.39196271402035465 0.03860675121794346 0.19198096557054062
2 0.1257160548439013 0.40809498221731977 0.03217948921589091 0.16122111714211726
2 0.1662365157144857 0.4241715924325674 0.06339111563022608 0.22320529063245792
2 0.2177490187395478 0.43036378039807416 0.07027490773560592 0.26531145771265763
2 0.2732859464326449 0.4160615318458161 0.11271921037960508 0.31141699710451576
2 0.3246211874556545 0.4527224698113229 0.07226692720211787 0.3392123573197635
2 0.4261655067374952 0.4511171203494421 0.13166036836070064 0.4122720987380097
2 0.5991621243221339 0.5188203889606919 0.3452736769075301 0.5464063889561828
0 0.3796525584581386 0.793816196651959 0.3710879739923845 0.28478931958053516
0 0.7949684862494315 0.827583151161801 0.39878598755606626 0.2798310688566641
0 0.11622235929501916 0.5631827425564019 0.19445904800821018 0.13089905128112633