2 0.1366498008040581 0.8024659489667277 0.1584568407559753 0.14386642295911223
1 0.2559537302709447 0.793958036497137 0.10546222139736088 0.0943476911094848
1 0.3408371956312086 0.7840876119272978 0.07433006175762476 0.08479315651766246
1 0.40081158920471793 0.7774876331027325 0.04925467966474244 0.06863435836215839
1 0.4405189468848499 0.7725683289462022 0.04126032323825157 0.06233890656676024
1 0.47556153661829315 0.7684575458669108 0.03192360141192587 0.050177262002052456
1 0.7058196864600086 0.7061701275435877 0.14272954651607428 0.14025989436831612
1 0.8051149928073571 0.6813695945624921 0.0573088720637525 0.10383151497801676
1 0.8342569235278848 0.6624468777399793 0.04797633033113406 0.07839089300307886
1 0.8737824247815261 0.6512775735834491 0.030997598904643552 0.07204317164297294
1 0.90007214014179 0.6417480374790957 0.032378242478152686 0.06580226200205246