0 0.53203125 0.94765625 0.33984375 0.1015625
0 0.78203125 0.85703125 0.05859375 0.0390625
1 0.06875 0.75546875 0.1375 0.3046875
1 0.196875 0.73515625 0.13359375 0.2859375
1 0.303125 0.7265625 0.12109375 0.2625
1 0.396875 0.71328125 0.11875 0.2453125
1 0.4796875 0.709375 0.1140625 0.23125
1 0.553125 0.7046875 0.1140625 0.209375
1 0.61171875 0.69375 0.10703125 0.2
1 0.66640625 0.69296875 0.1046875 0.1859375
1 0.71953125 0.6890625 0.103125 0.178125
1 0.76484375 0.6828125 0.0953125 0.165625
1 0.8046875 0.67578125 0.090625 0.1671875