0 0.5982978303808423 0.9505453983579251 0.34655506683801285 0.09890920328414979
0 0.8419607130484618 0.8661310074394951 0.06093464109154354 0.03973975467456796
1 0.12157752121044887 0.7562687286759996 0.15880582551403832 0.30628745735199914
1 0.24828213284284634 0.737447098026726 0.1539790727900975 0.2874965493515219
1 0.3539311993027068 0.7300896787078163 0.13984016313517147 0.26391359868315833
1 0.44675248383158206 0.717899308720543 0.13590392105489232 0.24669428134945387
1 0.5292918322224278 0.7149566693984515 0.1310143252619369 0.2325863280155902
1 0.6024015502914425 0.7111236920750874 0.1279221762506726 0.21069314668204484
1 0.6602304757858104 0.7008679920830416 0.12140723738870207 0.20124996668124934
1 0.7148633454639794 0.7007230887571321 0.11768951659574647 0.1871556493475449
1 0.7677151938548251 0.6974350040976773 0.11558071337743776 0.17932496801399936
1 0.8125906512801782 0.6917122627704952 0.10689412822814397 0.166734061346272
1 0.8519427283837004 0.685144636775904 0.10231588887180579 0.16824201734563574